n = 4;
T= 1;
deltat = 10.^-5;
ft = [0,0,0,0];
u0 = [1,0,0,0];
A = [-2,1,0,0; 1,-2,1,0;0,1,-2,1;0,1,-1,0];

